image_width: 640
image_height: 480
camera_name: "169_254_22_100"
camera_matrix:
  rows: 3
  cols: 3
  data: [599.019437, 0, 344.188672, 0, 597.411923, 273.258324, 0, 0, 1]
distortion_model: plumb_bob
distortion_coefficients:
  rows: 1
  cols: 5
  data: [-0.439163, 0.179537, 0.000782, -0.009654, 0]
rectification_matrix:
  rows: 3
  cols: 3
  data: [1, 0, 0, 0, 1, 0, 0, 0, 1]
projection_matrix:
  rows: 3
  cols: 4
  data: [512.738037, 0, 343.368422, 0, 0, 546.798767, 278.838718, 0, 0, 0, 1, 0]
