# oST version 5.0 parameters


[image]

width
1024

height
768

[narrow_stereo]

camera matrix
1022.712335 0.000000 558.836994
0.000000 1023.035283 426.576508
0.000000 0.000000 1.000000

distortion
-0.467426 0.152915 -0.006584 -0.002647 0.000000

rectification
1.000000 0.000000 0.000000
0.000000 1.000000 0.000000
0.000000 0.000000 1.000000

projection
872.956360 0.000000 573.014144 0.000000
0.000000 945.863892 429.423077 0.000000
0.000000 0.000000 1.000000 0.000000

