image_width: 1024
image_height: 768
camera_name: "00b09d01004ebc9c_left"
camera_matrix:
  rows: 3
  cols: 3
  data: [869.389718, 0, 472.518269, 0, 870.783957, 394.286116, 0, 0, 1]
distortion_model: plumb_bob
distortion_coefficients:
  rows: 1
  cols: 5
  data: [-0.293045, 0.119702, -0.000348, 0.000967, 0]
rectification_matrix:
  rows: 3
  cols: 3
  data: [0.998978, 0.000208, 0.0452, -0.000293, 0.999998, 0.001879, -0.045199, -0.00189, 0.998976]
projection_matrix:
  rows: 3
  cols: 4
  data: [826.176174, 0, 441.940678, 0, 0, 826.176174, 390.618431, 0, 0, 0, 1, 0]
