image_width: 1024
image_height: 768
camera_name: 00b09d01004ebc9c_left
camera_matrix:
  rows: 3
  cols: 3
  data: [886.023085, 0, 518.037777, 0, 886.907553, 378.02227, 0, 0, 1]
distortion_model: plumb_bob
distortion_coefficients:
  rows: 1
  cols: 5
  data: [-0.327067, 0.183547, -0.003233, -0.002275, 0]
rectification_matrix:
  rows: 3
  cols: 3
  data: [0.9963409999999999, -0.010673, 0.084797, 0.009769, 0.999891, 0.011062, -0.084906, -0.010194, 0.9963369999999999]
projection_matrix:
  rows: 3
  cols: 4
  data: [863.527257, 0, 402.706242, 0, 0, 863.527257, 369.133804, 0, 0, 0, 1, 0]
