image_width: 1024
image_height: 768
camera_name: "00b09d01004ebc9c_right"
camera_matrix:
  rows: 3
  cols: 3
  data: [862.641333, 0, 499.905702, 0, 863.314974, 387.87379, 0, 0, 1]
distortion_model: plumb_bob
distortion_coefficients:
  rows: 1
  cols: 5
  data: [-0.297793, 0.152959, -0.001084, 0.002489, 0]
rectification_matrix:
  rows: 3
  cols: 3
  data: [0.999312, -0.001937, 0.037045, 0.002006, 0.999996, -0.001848, -0.037041, 0.001921, 0.999312]
projection_matrix:
  rows: 3
  cols: 4
  data: [826.176174, 0, 441.940678, -99.163189, 0, 826.176174, 390.618431, 0, 0, 0, 1, 0]
