image_width: 1024
image_height: 768
camera_name: 00b09d01004ebc9c_left
camera_matrix:
  rows: 3
  cols: 3
  data: [868.505336, 0, 433.330447, 0, 868.69723, 369.282613, 0, 0, 1]
distortion_model: plumb_bob
distortion_coefficients:
  rows: 1
  cols: 5
  data: [-0.29927, 0.106978, -0.001384, 0.001955, 0]
rectification_matrix:
  rows: 3
  cols: 3
  data: [0.97347, -0.00404, -0.228778, 0.004151, 0.999991, 1e-06, 0.228776, -0.000951, 0.973479]
projection_matrix:
  rows: 3
  cols: 4
  data: [877.862285, 0, 692.686115, 0, 0, 877.862285, 363.034855, 0, 0, 0, 1, 0]
