image_width: 1024
image_height: 768
camera_name: 00b09d01004ebc9c_right
camera_matrix:
  rows: 3
  cols: 3
  data: [897.069656, 0, 510.824238, 0, 898.898161, 362.86846, 0, 0, 1]
distortion_model: plumb_bob
distortion_coefficients:
  rows: 1
  cols: 5
  data: [-0.313254, 0.180516, 0.001749, -0.003312, 0]
rectification_matrix:
  rows: 3
  cols: 3
  data: [0.9931289999999999, -0.003659, 0.116968, 0.004906, 0.999934, -0.010368, -0.116923, 0.010871, 0.9930819999999999]
projection_matrix:
  rows: 3
  cols: 4
  data: [863.527257, 0, 402.706242, 104.618135, 0, 863.527257, 369.133804, 0, 0, 0, 1, 0]
