image_width: 1024
image_height: 768
camera_name: 00b09d01004ebc9c_right
camera_matrix:
  rows: 3
  cols: 3
  data: [897.433905, 0, 498.753952, 0, 899.692429, 364.029824, 0, 0, 1]
distortion_model: plumb_bob
distortion_coefficients:
  rows: 1
  cols: 5
  data: [-0.29808, 0.139969, -0.002901, 0.000878, 0]
rectification_matrix:
  rows: 3
  cols: 3
  data: [0.980731, -0.008498, -0.195177, 0.008404, 0.999964, -0.00131, 0.195182, -0.000356, 0.980767]
projection_matrix:
  rows: 3
  cols: 4
  data: [877.862285, 0, 692.686115, -107.761134, 0, 877.862285, 363.034855, 0, 0, 0, 1, 0]
