# oST version 5.0 parameters


[image]

width
1024

height
768

[narrow_stereo/left]

camera matrix
869.389718 0.000000 472.518269
0.000000 870.783957 394.286116
0.000000 0.000000 1.000000

distortion
-0.293045 0.119702 -0.000348 0.000967 0.000000

rectification
0.998978 0.000208 0.045200
-0.000293 0.999998 0.001879
-0.045199 -0.001890 0.998976

projection
826.176174 0.000000 441.940678 0.000000
0.000000 826.176174 390.618431 0.000000
0.000000 0.000000 1.000000 0.000000

# oST version 5.0 parameters


[image]

width
1024

height
768

[narrow_stereo/right]

camera matrix
862.641333 0.000000 499.905702
0.000000 863.314974 387.873790
0.000000 0.000000 1.000000

distortion
-0.297793 0.152959 -0.001084 0.002489 0.000000

rectification
0.999312 -0.001937 0.037045
0.002006 0.999996 -0.001848
-0.037041 0.001921 0.999312

projection
826.176174 0.000000 441.940678 -99.163189
0.000000 826.176174 390.618431 0.000000
0.000000 0.000000 1.000000 0.000000

